25.42	25.42	25.42	25.42
27.37	27.86	25.90	25.42
28.35	27.37	25.90	25.42
28.35	27.86	26.39	25.42
28.35	27.86	25.90	25.90
27.37	27.86	26.88	25.90
27.86	27.86	28.35	26.39
30.30	28.35	27.86	26.88
27.86	28.35	23.95	27.37
27.37	28.84	28.35	26.88
28.84	28.84	24.44	26.88
29.33	28.84	30.79	27.37
29.33	29.33	27.37	27.37
29.81	29.33	27.86	27.86
29.33	29.33	24.44	26.39
27.37	29.33	25.42	28.35
26.88	29.81	29.33	27.86
39.10	29.81	28.84	28.35
26.88	28.84	29.33	24.93
30.79	28.35	29.81	27.37
30.30	29.81	28.84	24.44
30.79	30.79	28.84	29.33
30.79	30.30	29.33	28.35
31.28	31.28	29.33	26.39
31.28	27.86	29.33	28.84
31.28	30.79	29.33	33.24
31.28	31.28	28.84	32.26
31.28	30.79	30.30	25.90
31.28	31.28	31.28	28.84
31.77	31.77	33.72	29.33
33.24	31.28	29.81	28.84
35.19	31.28	29.81	28.84
32.75	31.28	29.81	26.88
31.77	30.30	30.30	24.44
32.26	32.26	28.84	25.42
32.26	30.30	26.88	31.28
32.26	31.77	30.30	30.79
32.75	29.81	30.79	26.39
32.26	32.26	30.30	29.33
33.24	33.24	29.81	29.81
34.21	32.26	29.81	29.81
32.26	32.75	30.30	29.33
32.75	32.26	30.30	29.81
33.24	33.24	30.79	29.81
32.75	29.81	30.30	29.81
32.75	33.72	30.79	29.81
33.72	32.26	29.33	29.81
33.24	43.01	30.30	29.81
33.72	29.81	31.28	30.30
34.21	33.72	31.28	29.81
32.75	33.24	29.33	30.30
31.28	32.75	31.28	30.30
33.72	32.26	30.79	30.30
33.72	33.24	31.28	30.30
34.21	32.75	30.30	29.81
35.19	30.30	31.28	30.30
35.68	30.30	29.33	30.30
32.26	33.72	31.28	29.81
34.21	33.72	30.30	27.86
34.21	33.72	30.79	31.28
34.21	33.72	27.86	30.30
34.21	33.72	32.26	31.28
34.21	34.21	32.26	30.30
34.21	33.72	31.28	30.79
34.70	33.72	32.26	30.30
34.70	34.21	31.28	30.30
34.70	33.72	32.26	30.79
34.21	34.21	31.77	30.79
35.68	33.72	31.28	30.30
34.70	33.72	31.28	30.79
35.19	34.21	31.77	30.79
34.70	34.21	32.75	30.79
35.19	33.24	32.26	30.79
35.19	32.26	32.26	30.79
32.26	34.21	31.77	28.84
34.70	32.26	31.77	34.21
30.79	34.70	31.77	30.79
32.26	42.52	31.28	30.79
37.15	32.75	31.77	27.86
35.68	34.21	31.77	28.35
35.19	32.75	31.28	30.79
36.17	29.33	31.28	31.28
35.68	34.70	31.28	36.17
36.17	35.68	31.28	36.17
35.68	35.19	29.81	30.79
39.59	35.19	31.28	30.79
35.19	32.26	32.26	31.28
35.68	37.15	31.28	30.79
36.17	33.72	32.26	30.79
36.17	40.08	31.77	30.79
33.24	34.70	33.24	31.28
36.17	35.19	29.33	30.79
36.17	33.72	38.61	30.79
36.17	35.68	32.26	30.79
36.66	34.21	32.26	30.30
36.17	35.68	32.26	28.35
36.17	37.15	32.26	31.77
36.17	35.19	32.75	31.28
34.70	36.66	32.26	31.28
36.66	35.19	32.75	31.28
36.17	36.66	30.79	32.26
37.15	35.68	31.77	31.77
36.66	36.66	32.75	28.84
37.15	35.19	32.26	27.86
37.15	34.70	32.75	35.68
37.63	35.68	32.26	35.68
37.63	35.68	32.75	31.28
37.15	36.66	32.75	36.17
34.70	36.17	32.75	29.81
42.52	33.72	32.26	31.28
37.15	34.70	32.75	31.77
37.15	33.24	31.77	31.28
37.15	41.06	32.75	29.81
37.63	36.17	32.75	31.28
37.63	34.21	32.26	31.28
37.63	36.66	33.24	31.28
37.63	33.72	30.30	31.77
37.63	36.17	32.26	31.28
37.63	36.17	32.75	31.77
37.63	36.17	32.26	31.28
39.10	36.66	32.75	31.28
35.68	36.66	32.75	31.77
37.63	37.15	32.75	31.28
37.63	36.66	32.75	28.84
38.12	36.66	32.75	29.33
38.12	37.63	32.75	32.75
38.12	33.72	31.77	31.77
38.12	36.66	32.75	31.28
39.10	34.70	32.75	31.28
36.66	36.66	31.77	31.28
38.61	33.72	32.75	31.28
38.12	36.17	32.26	31.77
38.61	35.68	36.66	31.77
38.61	36.66	33.24	31.77
38.61	36.66	31.28	31.28
37.15	36.66	31.77	31.77
38.61	36.17	33.24	31.77
38.61	36.66	32.75	31.77
38.61	36.66	33.24	32.75
38.61	37.15	33.24	31.77
39.10	33.72	33.24	31.77
39.10	36.66	32.75	31.77
40.08	35.68	33.24	31.77
39.59	33.72	33.24	31.77
39.10	35.68	33.72	31.77
39.59	37.15	33.72	31.28
43.50	37.63	32.75	31.77
38.61	36.17	33.24	31.77
40.57	35.68	34.21	31.77
40.08	37.63	32.75	31.77
39.10	36.17	33.24	32.26
39.10	37.15	33.72	31.77
39.59	37.15	33.72	32.26
39.10	37.15	33.24	31.77
39.59	37.15	33.72	31.77
39.10	37.15	33.24	32.26
39.59	37.63	33.72	32.26
39.10	37.63	33.72	31.77
39.59	37.63	33.72	32.26
40.08	37.63	33.72	32.75
40.08	37.63	32.75	31.77
40.08	37.15	33.24	31.77
40.08	37.63	33.72	31.77
40.08	37.63	33.24	31.77
40.08	37.63	30.79	31.77
39.59	37.63	31.28	31.77
39.10	37.63	33.24	31.77
40.57	37.63	31.77	32.26
40.08	37.63	33.24	31.77
40.08	37.63	34.70	31.77
40.08	37.63	33.24	31.77
40.08	38.12	34.70	32.26
40.08	37.63	33.72	28.35
41.06	37.63	34.70	32.26
39.10	37.15	33.72	32.26
36.66	38.12	34.70	31.77
40.57	38.12	33.72	31.77
40.08	38.12	30.79	32.26
40.57	38.61	33.72	32.26
40.57	38.12	33.72	31.77
40.08	37.63	33.72	32.26
39.10	38.12	34.21	32.26
39.10	38.12	33.72	32.26
40.57	38.12	34.21	32.26
40.57	38.61	33.72	32.26
40.57	38.12	33.24	32.26
41.06	38.12	32.26	32.26
41.06	38.61	39.10	32.26
40.57	39.10	33.72	32.26
40.57	39.10	32.75	32.26
40.57	38.61	33.72	32.26
41.06	38.61	34.70	32.75
41.06	37.63	32.75	32.26
42.03	37.63	33.72	31.28
41.54	38.12	33.24	32.26
42.03	39.59	34.21	31.77
41.06	38.61	32.75	31.77
41.06	38.61	35.19	32.26
38.61	39.10	33.24	32.26
41.54	38.61	34.70	32.75
41.54	37.63	33.72	33.24
41.54	39.10	30.79	32.26
41.54	38.61	30.79	37.63
41.54	37.63	34.21	32.26
41.54	38.61	34.70	30.30
41.54	38.61	30.79	31.28
41.54	39.10	33.24	32.26
42.03	39.59	34.21	32.26
41.54	38.61	33.72	32.26
42.03	38.61	33.72	32.75
42.03	36.66	33.72	32.75
41.54	36.17	34.21	32.75
42.03	36.66	33.72	32.26
41.54	38.61	34.21	32.26
42.03	39.10	34.21	32.26
41.54	38.61	34.21	32.26
42.03	38.12	33.72	32.26
41.06	40.08	33.72	32.26
40.08	38.61	34.70	32.75
39.10	39.59	34.70	32.75
42.52	38.61	34.21	32.75
42.03	41.06	33.72	32.75
42.52	38.61	34.70	32.75
41.54	39.59	35.19	32.26
41.06	40.57	35.19	32.75
42.03	39.59	34.70	32.26
43.50	39.59	34.21	32.75
44.48	39.10	34.21	32.75
43.50	39.59	33.72	32.75
43.01	39.59	34.70	32.75
42.52	39.10	34.21	32.26
42.52	39.10	34.21	32.26
41.06	39.10	33.24	33.24
43.01	39.59	34.21	33.72
46.92	39.59	33.24	33.24
40.08	39.59	34.21	30.30
42.52	39.59	34.21	40.57
42.52	39.59	33.72	32.75
42.52	39.59	34.21	34.70
42.52	39.59	34.70	32.75
43.01	39.10	31.77	32.75
43.99	39.59	34.21	32.75
43.01	39.59	33.72	32.75
43.01	39.59	34.70	32.75
41.54	39.59	33.72	32.75
43.01	40.08	34.70	32.75
43.01	39.59	34.21	32.26
43.50	39.59	32.75	33.24
43.99	39.59	35.68	32.75
42.52	39.59	34.70	32.75
43.50	39.59	34.21	32.26
43.50	44.48	34.70	33.24
42.03	37.63	34.21	33.24
43.50	36.17	34.70	32.75
43.50	39.59	34.70	32.75
43.50	39.59	34.70	33.24
43.01	40.08	34.21	33.24
43.99	38.12	34.70	32.75
46.43	39.59	33.72	32.75
47.41	39.10	34.70	32.75
43.99	39.59	30.79	33.24
43.50	39.59	32.75	34.21
43.99	39.10	36.17	31.28
41.54	40.08	35.19	32.75
43.50	40.08	34.21	32.26
43.50	39.59	34.70	32.75
42.52	40.57	34.70	32.75
43.01	40.57	34.70	31.77
50.34	39.59	35.19	34.21
51.32	39.10	35.19	30.30
39.59	39.59	34.70	33.24
43.50	42.52	35.19	33.24
43.50	40.57	34.70	32.75
43.50	40.08	34.70	31.28
43.99	38.61	34.21	32.26
43.99	40.08	34.21	31.77
43.99	40.08	35.68	29.81
43.99	40.08	32.26	38.61
43.99	40.57	34.70	32.75
43.50	40.08	34.70	31.28
43.99	40.57	34.70	32.75
43.99	41.54	34.70	31.77
41.54	41.06	35.68	31.77
42.52	40.57	34.70	32.75
43.99	40.57	35.68	32.75
43.99	40.57	34.70	32.75
43.50	40.57	35.68	32.75
43.99	40.57	35.19	33.24
43.99	40.57	35.68	32.75
44.48	40.57	34.21	32.75
44.48	40.57	38.61	32.75
42.03	40.57	33.24	32.75
44.48	40.57	34.70	32.75
44.97	40.08	34.70	32.75
44.48	40.57	34.70	33.24
43.99	40.57	34.70	32.75
44.48	41.54	34.70	33.24
44.48	40.57	34.21	32.75
43.99	39.59	34.21	32.75
45.45	42.03	34.70	33.24
44.48	46.92	35.19	33.24
43.50	38.61	34.70	32.75
52.30	38.61	35.19	32.75
44.97	41.06	33.72	33.24
44.97	39.10	34.21	32.26
44.97	41.06	33.24	32.75
44.97	39.59	34.21	33.24
44.97	41.06	33.72	33.24
44.97	41.06	34.70	33.24
44.48	40.57	33.72	33.24
44.48	42.03	34.70	33.24
44.97	41.06	33.72	33.24
44.48	42.52	34.21	33.24
45.94	41.06	31.28	33.24
45.45	42.03	35.68	33.24
45.45	41.06	34.21	33.24
45.45	39.10	34.70	32.75
44.97	40.08	34.21	33.24
44.97	41.06	34.70	33.24
44.97	41.06	34.21	33.24
44.97	40.57	34.70	33.24
44.97	41.06	32.26	33.24
44.97	40.57	32.75	33.24
44.97	41.06	35.19	33.24
43.50	39.10	34.70	33.24
44.97	39.10	34.70	33.24
44.97	40.57	35.19	32.75
44.97	41.06	34.70	33.24
45.45	43.01	34.21	33.24
45.45	41.06	35.19	33.24
45.45	41.06	34.21	32.75
45.45	41.54	37.63	32.26
45.45	41.06	35.68	33.72
44.97	41.06	35.68	33.24
44.97	41.06	35.19	31.77
44.97	40.57	34.70	32.75
45.94	41.06	35.19	33.72
40.57	41.06	34.70	33.24
42.52	40.08	35.19	33.24
43.01	40.57	34.70	33.24
45.45	40.08	34.21	33.72
45.45	42.52	34.70	33.24
45.45	40.08	34.21	33.24
45.94	41.54	34.21	32.75
45.94	41.54	35.68	33.24
45.94	41.06	35.19	33.24
45.94	41.06	34.70	32.75
46.43	40.57	34.70	31.77
44.97	41.06	35.19	33.24
45.45	40.57	34.70	33.24
45.94	41.06	34.70	33.24
47.41	41.54	34.70	33.24
45.94	40.08	35.19	33.24
45.94	41.54	34.70	33.72
45.94	41.54	34.70	33.24
45.94	41.54	34.70	33.72
45.94	38.12	34.70	33.24
45.94	41.54	37.63	33.72
45.94	42.52	38.61	32.75
45.94	42.52	35.19	33.24
45.45	42.03	35.19	33.24
46.43	41.54	34.70	33.24
44.48	42.03	35.19	33.24
45.94	41.54	34.70	33.24
46.43	42.03	34.70	32.75
46.43	41.54	34.70	32.75
46.43	42.52	34.21	33.24
46.43	42.03	36.17	33.24
46.43	41.54	33.72	33.24
45.94	41.54	34.70	33.24
46.43	42.03	35.19	32.75
46.92	41.54	35.19	32.75
46.92	42.52	35.19	33.24
46.43	41.06	34.70	33.24
45.94	42.03	35.19	33.24
51.32	41.54	34.70	33.24
53.76	38.12	33.72	33.72
45.94	44.48	37.63	33.24
46.92	41.54	35.19	33.24
46.43	48.39	35.19	33.24
46.43	39.59	35.19	33.72
46.43	41.54	34.70	33.24
46.43	41.54	35.19	34.70
46.43	50.83	34.70	31.28
46.43	45.45	35.19	31.77
46.92	46.43	35.19	33.24
46.92	40.08	35.68	33.72
46.43	38.61	32.75	33.24
46.43	42.03	35.19	32.75
46.43	42.03	34.21	33.72
46.43	42.03	35.19	33.24
46.92	43.50	33.72	32.75
46.43	42.03	34.70	33.24
46.92	43.01	34.70	33.24
46.43	42.03	35.19	32.75
46.43	42.03	34.21	33.24
46.43	42.03	34.70	30.79
47.90	43.01	36.17	31.28
46.92	42.03	35.19	32.75
46.92	42.03	36.17	30.79
46.92	41.54	35.68	33.72
46.43	42.52	36.17	40.57
46.92	42.03	34.21	29.33
46.92	42.52	34.21	33.72
46.92	42.03	36.17	35.19
46.92	42.52	33.72	40.57
48.88	42.03	36.17	33.24
49.85	42.52	35.19	33.72
47.41	41.06	34.70	34.21
46.43	42.52	35.68	33.72
47.90	42.03	35.19	32.26
47.41	41.06	35.19	32.75
47.41	42.03	35.19	33.24
47.41	44.97	32.75	33.24
47.41	39.59	35.68	33.72
47.41	40.57	35.19	33.24
47.41	40.57	35.19	33.24
47.41	43.01	34.70	33.72
49.85	42.52	34.70	33.24
46.92	42.03	35.19	33.24
47.90	42.52	35.19	33.24
47.90	41.54	35.19	33.24
47.41	42.52	34.21	33.24
45.45	41.06	33.24	33.72
52.79	42.52	35.19	33.72
46.92	42.03	35.68	33.24
47.90	42.03	35.19	33.24
47.41	42.03	35.68	33.72
47.90	42.03	34.70	33.24
47.90	42.52	35.19	33.72
47.41	42.52	35.19	33.24
47.90	42.52	35.68	32.75
47.41	42.52	34.70	33.24
47.41	42.03	34.21	32.75
47.41	42.52	37.15	34.21
47.90	42.52	35.19	33.24
47.41	42.52	34.70	33.24
47.90	42.52	35.19	32.75
47.90	42.52	35.19	33.72
47.90	42.52	35.19	33.72
48.39	43.01	35.68	33.24
47.90	42.52	35.19	32.75
47.90	42.52	35.19	33.24
47.90	42.03	33.24	32.75
46.92	43.99	35.19	33.24
47.90	41.06	35.68	33.24
47.90	42.52	35.19	34.21
46.43	42.52	35.68	33.24
47.90	42.03	35.68	33.72
47.90	43.01	35.19	33.24
47.90	42.52	35.19	33.72
47.90	42.52	35.19	33.72
47.41	42.52	34.70	33.24
47.41	43.01	35.68	33.72
47.41	42.52	35.19	33.72
47.90	42.52	35.68	33.24
47.90	43.01	36.66	33.24
48.39	43.01	35.19	32.75
47.90	43.50	35.19	33.72
59.63	42.52	38.61	31.77
47.90	42.52	35.68	29.81
48.39	42.52	35.68	33.24
47.90	43.99	35.19	33.24
46.92	42.03	35.19	33.24
48.88	42.03	35.19	33.72
48.39	43.01	35.68	33.24
47.90	43.01	35.68	33.72
48.39	42.52	35.68	33.24
48.39	42.52	35.68	33.24
48.39	43.01	35.68	33.24
48.39	43.01	32.75	33.24
48.88	43.01	35.19	33.24
48.39	41.54	35.19	33.72
48.39	42.52	35.68	33.24
48.39	42.03	35.19	33.72
47.90	42.52	35.19	34.21
46.92	43.01	34.70	33.24
48.39	42.52	38.61	32.75
48.88	43.01	35.19	33.24
47.90	42.52	35.19	33.24
45.94	43.99	35.19	34.21
48.88	42.52	35.68	33.72
49.85	43.50	34.21	33.24
47.90	43.01	36.17	33.24
47.41	42.52	33.72	33.72
45.94	42.52	35.68	34.70
48.88	42.52	35.19	35.68
48.88	43.01	35.68	30.79
48.88	43.01	35.68	32.75
48.39	43.01	35.68	33.72
48.88	43.50	34.70	32.75
48.88	42.52	35.68	37.15
48.39	43.01	35.68	33.72
48.88	43.01	35.68	33.24
48.88	43.50	35.68	33.24
48.88	42.52	36.17	33.72
48.88	43.01	35.68	33.24
48.39	43.50	35.68	33.72
49.36	43.50	35.68	33.72
48.88	42.52	35.19	33.24
48.88	40.08	35.68	33.72
49.36	45.45	35.68	33.72
48.88	42.52	35.19	33.24
48.88	43.01	33.24	33.24
48.88	43.50	34.70	33.72
48.88	43.01	33.24	33.72
49.36	43.01	36.66	34.21
48.88	43.01	35.68	33.72
48.88	43.01	36.66	33.24
48.88	43.01	35.68	34.21
48.88	43.01	36.66	33.72
48.88	43.01	35.68	34.21
49.36	43.50	36.66	33.72
48.88	43.01	35.19	33.72
48.88	43.01	35.68	33.72
48.88	43.01	35.68	33.72
48.88	43.50	35.19	33.72
48.88	43.50	35.68	33.72
48.88	43.99	35.68	34.21
49.36	41.54	35.68	33.24
49.36	41.06	35.68	33.72
49.36	43.50	32.75	33.72
50.34	45.45	34.21	33.72
48.88	43.01	35.68	33.72
49.85	43.01	36.17	32.75
49.36	43.50	35.19	32.75
49.36	43.01	35.68	32.75
49.36	43.50	35.68	33.72
48.88	43.50	35.68	34.21
49.36	43.01	33.72	32.75
50.34	43.01	35.19	33.72
49.36	43.50	34.70	33.72
49.36	42.52	35.68	32.75
49.36	47.90	41.06	33.72
49.36	42.52	35.68	33.72
49.36	43.50	35.19	33.72
48.88	43.01	35.68	32.75
49.36	43.01	35.19	33.72
49.36	43.50	35.68	33.72
49.85	43.50	35.68	34.21
49.36	41.06	35.68	34.21
49.85	41.06	35.68	33.24
49.36	42.03	33.72	32.26
49.36	41.06	35.19	33.24
49.85	43.50	35.68	33.24
49.36	43.50	35.19	33.72
49.36	43.01	36.17	33.24
46.43	43.01	35.68	33.72
46.92	41.54	35.68	33.72
49.85	43.01	35.19	33.72
49.85	43.50	36.17	32.26
49.85	43.50	35.19	33.24
49.85	43.50	32.26	33.72
49.85	43.01	35.68	30.79
49.85	43.01	35.68	34.70
49.36	43.50	35.68	30.79
49.85	43.50	35.68	33.24
49.85	43.50	35.68	34.21
49.85	43.50	35.68	33.72
49.85	43.50	35.19	33.72
50.34	43.50	33.72	34.21
49.85	43.50	33.24	33.24
49.85	43.01	35.68	33.72
50.34	43.99	35.68	33.72
49.85	44.97	36.17	33.24
49.36	42.52	35.68	33.72
49.36	42.52	36.17	33.24
51.32	43.99	35.68	33.24
51.32	43.01	36.17	29.81
49.85	43.50	35.68	33.24
49.85	43.50	35.68	33.24
50.34	41.54	35.68	33.72
49.85	43.50	35.68	34.21
50.34	43.01	36.17	33.72
49.85	43.50	36.66	33.72
50.34	43.50	36.17	33.72
48.39	43.50	36.66	35.68
54.25	45.45	36.17	35.19
50.34	47.90	38.61	34.21
50.34	44.48	36.17	37.15
50.34	43.99	36.17	31.77
50.34	44.48	35.19	33.24
50.34	41.06	35.19	33.72
49.85	42.03	35.19	33.72
49.36	42.52	34.70	33.72
49.85	42.52	36.17	33.72
49.36	43.50	43.99	33.24
50.34	43.01	39.59	33.24
49.36	45.45	33.72	33.24
49.85	43.01	34.70	33.24
49.85	43.99	35.19	30.30
47.90	43.99	34.21	31.77
50.34	43.50	36.17	33.72
47.90	43.99	35.68	33.72
50.83	43.99	36.17	33.72
49.36	43.99	35.68	33.24
51.32	43.50	36.17	33.72
51.32	43.99	35.68	33.72
49.85	43.50	35.68	33.72
50.34	43.99	36.17	33.72
48.39	43.99	35.68	32.75
50.34	43.99	36.17	33.24
49.85	43.50	36.17	33.24
49.85	44.97	36.17	30.30
50.83	43.50	35.68	36.17
50.34	43.50	35.68	33.72
49.36	43.99	36.66	33.24
50.83	43.99	36.17	33.24
50.34	43.50	36.17	33.24
50.34	43.99	35.19	33.72
50.34	43.50	36.17	33.24
47.90	43.50	36.17	33.72
58.65	43.01	36.17	33.24
50.34	43.99	37.15	30.30
50.83	43.99	36.17	33.24
50.34	43.01	35.68	33.72
50.83	43.01	35.68	33.72
50.34	43.50	32.75	33.72
50.34	43.99	33.24	33.72
50.34	43.50	36.66	33.72
50.34	43.50	36.17	33.72
50.83	43.01	37.15	33.72
49.36	43.50	36.17	32.75
48.39	43.01	36.66	33.72
51.32	44.97	36.17	33.72
50.83	43.50	36.17	30.30
50.34	43.50	33.72	28.84
50.83	43.99	36.66	34.70
50.83	43.50	35.68	33.72
48.39	49.85	36.17	33.72
51.32	43.99	36.17	33.72
50.83	44.48	36.17	33.72
50.34	41.06	36.17	33.24
48.39	43.50	36.66	32.75
50.83	43.99	36.17	33.72
50.83	43.01	35.68	31.28
50.83	43.99	36.17	31.77
50.34	44.48	35.68	29.81
50.83	43.99	35.68	33.72
50.83	44.48	36.17	33.72
50.83	43.99	35.68	33.72
50.83	43.50	36.66	33.72
51.81	42.52	35.68	33.72
51.32	43.50	36.66	33.72
49.85	43.50	35.19	33.72
49.85	43.99	36.17	33.72
49.36	43.99	31.28	33.24
48.39	42.03	34.21	33.72
50.83	43.99	41.54	33.24
51.32	43.50	36.17	33.72
50.83	43.50	35.19	33.24
51.32	51.32	36.66	33.24
50.83	42.03	36.17	33.72
51.32	43.99	36.17	32.75
50.83	43.99	35.68	33.72
51.32	43.99	35.68	33.72
55.23	44.48	35.68	33.24
51.32	43.99	34.70	33.72
50.83	43.99	33.72	33.72
51.32	43.99	36.17	33.72
49.36	43.50	35.19	33.72
51.32	43.99	36.17	33.72
50.83	43.99	35.68	33.72
51.32	43.99	36.17	33.72
51.32	43.99	35.68	33.72
50.83	43.99	36.17	34.21
50.83	44.48	35.68	33.72
50.83	43.99	36.66	33.72
51.32	44.48	35.68	33.72
50.34	43.99	35.68	33.24
49.85	43.99	35.68	33.72
51.32	43.99	36.17	33.72
51.32	44.97	36.17	33.72
50.83	43.99	39.59	33.72
51.32	42.52	36.17	33.72
51.32	43.99	36.17	33.72
51.32	43.01	35.68	33.24
51.81	43.99	36.17	33.24
51.81	44.48	36.17	33.72
54.25	44.48	35.68	33.72
51.32	45.45	36.17	33.72
50.83	43.99	36.17	33.24
51.32	45.45	35.68	34.21
50.83	44.97	36.17	34.21
51.32	45.45	36.17	33.24
51.32	43.99	36.17	33.24
51.32	44.48	35.68	33.24
51.32	44.48	36.17	33.72
51.32	44.48	36.66	33.24
51.32	44.48	35.68	33.72
51.32	44.48	36.66	33.24
51.32	43.99	36.17	33.24
51.32	44.48	39.59	33.24
51.32	44.48	36.17	33.24
51.32	44.48	36.66	33.72
51.32	44.48	36.17	33.24
51.32	44.48	36.17	41.06
54.74	43.99	36.17	33.24
50.34	44.97	35.19	33.24
52.79	44.48	35.68	30.79
51.32	44.48	35.68	38.12
51.32	44.48	36.17	31.28
51.81	44.48	39.59	34.70
51.32	44.48	36.17	32.26
51.32	43.99	36.17	31.77
49.36	44.48	36.66	32.26
51.81	44.48	36.17	30.79
51.81	43.99	36.66	31.28
51.81	44.48	36.17	34.70
47.90	43.99	35.19	31.28
50.34	44.48	35.19	34.21
49.85	44.48	34.70	33.72
50.83	44.48	33.24	33.72
51.81	44.48	36.17	34.21
51.81	43.99	36.17	31.77
51.81	43.99	36.17	33.72
51.32	43.99	36.17	33.72
51.81	43.99	35.68	33.72
52.30	43.01	36.17	32.26
50.34	43.99	36.17	33.24
51.81	43.01	36.17	34.21
51.32	43.99	36.17	33.72
51.81	43.50	36.66	34.21
49.36	44.48	35.68	32.26
51.81	43.99	36.66	33.24
51.81	44.48	36.66	33.72
51.81	44.48	32.26	34.21
51.81	43.99	36.17	33.72
51.81	43.99	35.68	33.72
51.81	42.52	36.66	33.72
51.81	50.34	36.17	33.24
52.30	45.45	36.66	33.72
51.81	43.50	36.66	33.72
51.81	43.99	36.17	33.72
51.81	44.48	37.63	33.72
51.81	43.99	35.68	33.72
51.81	44.48	37.63	33.72
51.81	43.99	36.17	33.72
49.85	43.99	37.15	33.24
51.81	44.48	36.66	34.21
52.30	44.48	36.66	33.72
52.30	44.48	38.61	33.72
51.81	44.97	35.19	33.72
51.81	47.41	36.17	33.72
51.81	44.48	36.17	36.17
51.81	43.01	36.17	33.72
51.81	43.99	36.17	33.72
52.30	44.48	36.17	31.28
52.30	44.48	35.68	33.72
52.30	43.99	36.17	33.72
52.30	44.48	36.17	33.72
52.30	44.48	35.19	33.72
52.30	44.48	36.17	33.72
51.81	44.48	35.68	33.72
51.81	44.48	36.17	33.72
52.30	44.48	34.70	33.72
52.30	44.48	36.17	33.72
52.30	43.99	35.19	33.72
52.30	43.50	36.17	33.72
52.30	44.48	35.68	33.72
52.30	44.48	36.17	34.21
52.30	44.97	35.19	33.24
52.30	44.48	35.68	33.72
52.30	44.97	33.72	33.72
52.30	45.45	34.70	33.72
52.30	44.97	36.17	33.72
52.30	44.48	36.17	33.72
52.30	44.48	37.15	39.10
52.30	44.48	37.15	37.63
52.30	43.50	36.66	34.70
53.27	44.48	36.66	38.61
52.30	44.97	36.17	37.63
52.30	44.48	37.15	37.15
52.30	43.50	36.17	33.24
51.81	44.48	36.66	33.72
52.79	41.06	36.17	33.72
52.30	43.99	36.66	36.17
52.30	43.01	36.66	33.24
52.30	51.81	36.17	34.21
52.30	44.97	35.19	33.72
51.81	43.50	36.66	33.72
50.34	45.45	34.21	33.72
52.30	44.48	36.66	34.70
52.79	44.48	36.17	33.72
52.30	44.48	40.08	34.21
52.30	44.97	36.17	34.21
52.79	44.48	36.66	29.33
52.30	44.97	36.17	33.72
54.25	44.48	36.66	35.19
52.30	44.97	36.17	30.30
52.30	44.48	36.66	33.24
51.32	43.99	36.17	33.72
50.34	44.48	36.17	33.24
51.32	44.97	36.17	33.72
52.79	43.99	36.17	34.70
52.79	44.97	36.17	34.21
53.27	43.01	36.17	34.21
52.30	44.48	33.72	33.72
52.79	41.06	36.17	33.72
52.79	43.50	36.17	33.72
52.30	42.03	36.17	33.24
51.81	42.52	36.17	34.21
52.30	42.03	36.66	33.72
52.79	48.88	36.17	33.72
52.30	44.48	36.66	33.72
52.30	42.52	36.17	33.72
52.79	43.50	36.66	33.72
52.79	42.52	36.66	33.24
52.79	42.52	36.66	33.72
52.30	43.01	36.17	33.72
54.25	44.97	36.66	33.72
54.25	44.97	36.66	33.24
54.25	44.97	36.66	33.72
54.25	44.97	36.66	33.72
54.25	44.97	36.66	33.72
54.25	44.97	36.66	33.72
54.25	44.97	36.66	33.72
54.25	44.97	36.66	33.72
54.25	44.97	36.66	33.72
54.25	44.97	36.66	33.24
54.25	44.97	36.66	33.72
54.25	44.97	36.66	33.72
54.25	44.97	36.66	33.72
54.25	44.97	36.66	33.72
54.25	44.97	36.66	33.72
54.25	44.97	36.66	33.72
54.25	44.97	36.66	33.72
54.25	44.97	36.66	33.72
54.25	44.97	36.66	33.72
54.25	44.97	36.66	33.72
54.25	44.97	36.66	33.72
54.25	44.97	36.66	33.72
54.25	44.97	36.66	33.72
54.25	44.97	36.66	33.72
54.25	44.97	36.66	33.72
54.25	44.97	36.66	33.72
54.25	44.97	36.66	33.72
54.25	44.97	36.66	33.72
54.25	44.97	36.66	33.72
54.25	44.97	36.66	33.72
54.25	44.97	36.66	33.72
54.25	44.97	36.66	33.72
54.25	44.97	36.66	33.72
54.25	44.97	36.66	32.26
54.25	44.97	36.66	33.72
54.25	44.97	36.66	33.72
54.25	44.97	36.66	33.72
54.25	44.97	36.66	33.72
54.25	44.97	36.66	33.72
54.25	44.97	36.66	33.72
54.25	44.97	36.66	33.72
54.25	44.97	36.66	33.72
54.25	44.97	36.66	33.72
54.25	44.97	36.66	33.72
54.25	44.97	36.66	33.72
54.25	44.97	36.66	34.21
54.25	44.97	36.66	33.72
54.25	44.97	36.66	33.72
54.25	44.97	36.66	33.72
54.25	44.97	36.66	33.72
54.25	44.97	36.66	32.75
54.25	44.97	36.66	33.72
54.25	44.97	36.66	33.72
54.25	44.97	36.66	33.72
54.25	44.97	36.66	33.72
54.25	45.45	36.66	33.72
54.25	44.97	36.66	33.72
54.25	44.97	36.66	34.21
54.25	44.97	36.66	33.72
54.25	44.97	36.66	33.72
54.25	44.97	36.66	34.21
54.25	44.97	36.66	34.21
54.25	44.97	36.66	33.72
54.25	44.97	36.66	33.72
54.25	44.97	36.66	33.72
54.25	44.97	36.66	33.72
54.25	44.97	36.66	33.72
54.25	44.97	36.66	33.72
54.25	44.97	36.66	33.72
54.25	44.97	36.66	33.72
54.25	44.97	36.66	33.72
54.25	44.97	36.66	33.72
54.25	44.97	36.66	33.72
54.25	44.97	36.66	33.72
54.25	44.97	36.66	33.72
54.25	44.97	36.66	33.72
54.25	44.97	36.66	33.72
54.25	44.97	36.66	33.72
54.25	44.97	36.66	33.72
54.25	44.97	36.66	33.72
54.25	44.97	36.66	33.72
54.25	44.97	36.66	32.75
54.25	44.97	36.66	33.72
54.25	44.97	36.66	33.72
54.25	44.97	36.66	33.72
54.25	44.97	36.66	33.72
54.25	44.97	36.66	33.72
54.25	44.97	36.66	33.72
54.25	44.97	36.66	33.72
54.25	44.97	36.66	33.72
54.25	44.97	36.66	33.72
54.25	44.97	36.66	33.72
54.25	44.97	36.66	33.72
54.25	44.97	36.66	33.72
54.25	44.97	36.66	33.72
54.25	44.97	36.66	33.72
54.25	44.97	36.66	33.72
54.25	44.97	36.66	33.72
54.25	44.97	36.66	32.26
54.25	44.97	36.66	33.72
54.25	44.97	36.66	33.72
54.25	44.97	36.66	33.72
54.25	44.97	36.66	33.72
54.25	44.97	36.66	33.72
54.25	44.97	36.66	33.72
54.25	44.97	36.66	33.72
54.25	44.97	36.66	33.72
54.25	44.97	36.66	33.72
54.25	44.97	36.66	33.72
54.25	44.97	36.66	33.72
54.25	44.97	36.66	34.21
54.25	44.97	36.66	33.72
54.25	44.97	36.66	33.72
54.25	44.97	36.66	33.72
54.25	44.97	36.66	33.72
54.25	44.97	36.66	32.75
54.25	44.97	36.66	33.72
54.25	44.97	36.66	33.72
54.25	44.97	36.66	33.72
54.25	44.97	36.66	33.72
54.25	45.45	36.66	33.72
54.25	44.97	36.66	33.72
54.25	44.97	36.66	34.21
54.25	44.97	36.66	33.72
54.25	44.97	36.66	33.72
54.25	44.97	36.66	34.21
54.25	44.97	36.66	34.21
54.25	44.97	36.66	33.72
54.25	44.97	36.66	33.72
54.25	44.97	36.66	33.72
54.25	44.97	36.66	33.72
54.25	44.97	36.66	33.72
54.25	44.97	36.66	33.72
54.25	44.97	36.66	33.72
54.25	44.97	36.66	33.72
54.25	44.97	36.66	33.72
54.25	44.97	36.66	33.72
54.25	44.97	36.66	33.72
54.25	44.97	36.66	33.72
54.25	44.97	36.66	33.72
54.25	44.97	36.66	33.72
54.25	44.97	36.66	33.72
54.25	44.97	36.66	33.72
54.25	44.97	36.66	33.72
54.25	44.97	36.66	33.72
54.25	44.97	36.66	33.72
54.25	44.97	36.66	32.75
54.25	44.97	36.66	33.72
54.25	44.97	36.66	33.72
54.25	44.97	36.66	33.72
54.25	44.97	36.66	33.72
54.25	44.97	36.66	33.72
54.25	44.97	36.66	33.72
54.25	44.97	36.66	33.72
54.25	44.97	36.66	33.72
54.25	44.97	36.66	33.72
54.25	44.97	36.66	33.72
54.25	44.97	36.66	33.72
54.25	44.97	36.66	33.72
54.25	44.97	36.66	33.72
54.25	44.97	36.66	33.72
54.25	44.97	36.66	33.72
54.25	44.97	36.66	33.72
54.25	44.97	36.66	33.72
54.25	44.97	36.66	33.72
54.25	44.97	36.66	33.72
54.25	44.97	36.66	33.72
54.25	44.97	36.66	33.72
54.25	44.97	36.66	33.72
54.25	44.97	36.66	33.72
54.25	44.97	36.66	33.72
54.25	44.97	36.66	33.72
54.25	44.97	36.66	33.72
54.25	44.97	36.66	33.72
54.25	44.97	36.66	33.72
54.25	44.97	36.66	33.72
54.25	44.97	36.66	33.72
54.25	44.97	36.66	33.72
54.25	44.97	36.66	33.72
54.25	44.97	36.66	33.72
54.25	44.97	36.66	33.72
54.25	44.97	36.66	33.72
54.25	44.97	36.66	33.72
54.25	44.97	36.66	33.72
54.25	44.97	36.66	33.72
54.25	44.97	36.66	33.72
54.25	44.97	36.66	33.72
54.25	44.97	36.66	33.72
54.25	44.97	36.66	33.72
54.25	44.97	36.66	33.72
54.25	44.97	36.66	33.72
54.25	44.97	36.66	33.72
54.25	44.97	36.66	33.72
54.25	44.97	36.66	33.72
54.25	44.97	36.66	33.72
54.25	44.97	36.66	33.72
54.25	44.97	36.66	33.72
54.25	44.48	36.66	33.72
54.25	44.97	36.66	33.72
54.25	44.97	36.66	33.72
54.25	44.97	36.66	33.72
54.25	44.97	36.66	33.72
54.25	47.90	36.66	34.21
54.25	45.45	36.66	33.72
53.76	46.43	36.17	34.21
53.76	45.94	36.17	33.72
53.76	48.39	36.17	35.19
53.76	44.48	36.17	33.72
53.76	44.48	34.21	33.24
53.27	43.99	34.21	33.72
53.27	43.99	34.70	33.72
52.79	43.50	35.19	33.72
52.79	43.50	34.21	34.21
52.79	43.01	34.70	33.72
52.30	43.01	34.70	33.24
52.30	42.52	34.70	33.24
52.30	42.52	34.21	32.75
51.81	43.50	34.21	33.24
51.32	42.52	33.72	32.75
50.34	41.54	34.21	32.26
51.32	43.01	33.24	32.26
51.32	41.54	33.72	31.77
51.32	41.54	33.72	31.77
50.83	41.06	33.24	31.77
48.88	41.06	29.33	32.26
50.34	41.54	33.72	31.77
50.83	41.06	34.21	31.28
50.34	41.06	32.75	31.28
50.34	41.06	36.17	30.79
49.85	40.08	32.75	29.81
49.85	40.57	32.75	32.75
49.36	41.06	32.26	31.28
49.36	40.08	32.26	29.33
49.85	40.08	32.26	27.86
49.36	39.59	31.77	29.81
48.88	40.08	31.77	30.30
48.88	38.61	31.77	33.24
48.88	39.59	31.77	30.30
48.39	39.10	31.28	33.24
47.90	39.10	31.77	28.84
49.85	39.10	32.26	28.84
48.39	39.10	31.77	27.86
48.39	39.10	31.28	29.33
48.39	39.10	33.24	29.81
46.92	38.12	31.28	28.84
47.90	39.10	35.19	29.33
47.90	38.61	31.77	29.33
47.90	38.61	30.79	29.33
47.90	38.61	31.28	29.33
46.43	38.61	31.28	29.33
46.43	38.61	30.30	29.33
47.41	38.61	30.79	28.84
47.41	38.12	30.79	28.84
47.90	38.12	30.79	29.33
46.43	38.12	30.30	28.84
45.45	38.61	30.79	29.33
47.41	37.63	29.81	28.84
46.92	38.12	31.77	29.33
46.92	37.63	28.35	28.84
46.43	35.19	30.79	28.84
45.45	37.63	30.79	29.33
46.43	38.12	30.79	28.84
46.43	37.63	30.79	28.84
46.43	37.63	30.30	28.84
45.45	37.63	29.81	27.86
43.99	37.63	30.30	27.37
45.94	37.15	31.28	28.35
45.94	37.15	30.30	28.35
45.94	37.15	30.79	24.93
45.94	37.15	29.81	28.84
46.43	37.15	30.79	27.37
45.94	36.17	29.81	23.95
45.94	37.15	30.79	27.37
45.45	36.66	30.79	28.84
45.45	36.66	30.79	28.35
44.48	36.66	29.33	28.35
46.92	37.15	28.35	26.88
45.45	36.66	26.88	27.86
45.45	37.15	31.77	29.33
45.45	36.17	29.81	29.81
45.45	36.66	27.37	28.35
45.45	36.66	29.81	24.93
45.94	36.17	29.81	27.86
44.97	36.66	27.37	27.86
44.97	36.17	29.81	28.35
45.45	36.17	29.33	27.86
45.45	36.17	26.39	28.35
44.97	36.66	28.84	27.86
44.97	35.19	28.35	28.35
44.48	36.17	28.35	27.86
44.48	35.68	29.33	27.86
44.97	35.68	27.37	27.86
44.48	34.21	29.81	27.86
46.92	33.72	29.33	27.86
43.99	35.68	28.35	27.37
43.99	35.68	29.33	27.86
44.48	35.19	28.84	27.86
44.48	36.17	29.33	27.37
43.99	36.17	29.33	26.88
42.52	33.72	29.33	27.37
44.48	35.19	30.30	27.86
44.48	34.70	29.33	27.37
43.99	35.68	29.81	27.37
43.99	36.17	29.33	27.86
45.45	35.19	25.42	26.88
43.99	33.72	31.28	27.37
43.99	39.59	27.37	27.37
43.50	36.66	28.84	27.37
43.99	36.17	28.84	27.37
43.50	36.17	28.84	26.88
43.50	36.66	28.35	27.37
43.99	35.68	28.84	27.37
43.01	34.70	28.84	28.35
43.50	35.68	29.81	28.35
43.50	34.70	28.84	27.37
43.50	36.17	28.84	25.42
43.50	34.21	27.86	27.86
43.50	34.21	26.88	24.44
43.50	31.77	26.88	27.86
43.01	35.19	28.84	28.35
43.01	35.19	29.81	26.88
43.01	34.70	27.86	27.37
43.01	34.70	28.35	35.68
43.01	34.70	28.35	23.95
43.50	34.70	28.84	26.88
43.01	34.70	27.86	27.86
41.06	34.70	28.84	26.88
43.01	34.21	28.35	22.48
42.52	35.19	28.35	25.42
43.01	34.21	28.84	24.93
43.50	34.21	28.84	26.88
43.01	30.30	28.35	26.88
43.50	31.28	28.35	26.88
41.06	34.21	28.35	26.88
43.01	34.21	28.35	26.88
42.52	34.21	28.35	26.88
42.52	34.21	28.35	26.39
42.52	34.70	28.84	26.88
42.52	33.72	28.35	26.39
42.52	33.72	27.86	26.88
42.03	33.72	28.35	26.39
40.57	33.72	28.35	26.39
44.48	33.72	28.35	26.88
42.52	33.24	27.86	26.88
42.03	33.24	28.35	26.39
42.03	34.21	27.37	26.88
42.03	34.70	26.88	26.39
42.52	34.21	28.35	26.39
42.52	33.24	29.81	26.39
42.03	33.24	28.84	26.39
42.03	33.72	26.88	26.39
41.54	32.75	28.35	26.39
42.03	33.72	28.35	26.39
41.54	32.75	29.33	25.90
42.03	33.24	26.39	26.39
41.54	32.75	28.35	25.90
41.54	33.24	24.44	26.88
41.54	33.24	30.30	26.39
42.03	32.26	26.39	26.39
41.54	33.24	29.33	26.39
42.03	32.26	26.88	25.42
44.97	29.33	28.84	26.39
41.54	33.72	27.86	26.39
41.54	33.24	28.84	26.39
41.54	33.24	27.37	26.88
41.06	32.75	27.86	27.86
41.06	33.24	27.86	26.39
43.01	32.75	27.86	26.88
41.06	30.30	27.37	24.93
41.54	33.24	27.86	25.42
42.52	32.75	27.86	26.39
43.01	33.24	27.86	25.90
49.36	32.75	27.37	25.90
41.06	33.24	28.35	25.90
41.06	33.24	28.84	26.39
41.06	32.75	27.37	24.93
41.06	32.75	26.39	26.39
39.59	32.75	28.35	25.90
41.06	32.26	26.39	25.90
41.06	32.26	27.86	25.90
40.57	33.24	31.28	25.90
41.06	29.81	27.37	26.39
39.10	32.26	27.37	25.90
41.06	32.75	27.86	26.39
40.57	32.75	27.37	25.90
40.57	32.75	27.86	26.39
40.57	32.26	27.37	25.90
40.57	37.63	27.37	26.39
40.57	32.75	26.88	25.90
40.57	32.75	27.37	26.39
40.57	33.72	25.90	26.39
40.57	36.66	27.86	25.90
40.08	33.24	27.37	25.90
40.57	32.26	27.37	25.90
40.57	32.26	26.39	25.90
40.57	32.26	27.37	26.88
40.08	33.72	27.37	25.90
40.08	32.26	27.86	25.90
40.08	32.26	26.88	25.90
40.57	32.26	27.37	25.90
40.08	32.75	27.37	25.90
44.48	32.26	27.86	25.90
40.08	32.26	26.39	25.90
40.08	30.30	26.88	26.88
40.08	32.26	26.88	25.90
40.08	32.26	27.37	25.90
40.08	32.26	27.37	26.39
39.10	32.26	27.37	24.44
40.08	32.75	26.88	26.39
37.15	31.77	27.37	25.42
40.57	28.35	26.88	24.93
40.08	32.26	26.88	25.42
40.08	31.28	26.88	24.93
40.08	31.77	27.37	22.48
38.61	33.24	26.39	25.90
39.59	30.79	27.37	24.93
39.59	33.24	26.88	31.28
40.08	31.77	27.86	25.42
40.08	33.24	26.88	25.90
40.08	32.75	26.88	26.39
39.59	32.26	26.39	25.42
39.59	29.33	26.88	25.42
39.10	32.75	26.39	25.90
39.10	32.26	26.88	25.42
39.10	31.77	27.37	25.42
39.59	31.77	26.88	25.42
38.61	32.26	26.88	25.90
38.12	31.77	24.44	25.42
39.59	32.26	27.37	25.42
39.10	30.79	26.39	25.42
39.10	39.59	28.84	25.42
39.10	30.30	27.37	25.42
39.10	32.26	26.88	23.46
39.10	29.33	25.42	27.86
37.63	32.26	25.42	27.86
37.63	31.77	21.99	25.42
39.59	31.77	26.39	24.93
39.10	31.28	25.90	24.93
39.10	31.28	26.88	25.42
39.10	32.26	26.88	26.88
39.10	32.75	26.88	23.46
39.10	31.28	26.88	27.37
39.10	31.77	26.39	25.90
39.10	30.79	26.39	28.35
39.10	31.77	25.90	21.99
38.12	31.28	26.39	22.48
37.63	31.77	28.35	23.95
38.61	31.28	26.39	25.42
39.10	30.79	25.42	25.42
38.61	31.77	24.44	25.42
39.10	30.30	25.42	25.42
38.61	32.75	26.88	25.42
39.10	29.81	33.72	25.90
39.10	27.86	28.35	25.42
38.61	31.28	24.44	24.93
39.10	31.28	26.39	24.93
38.12	30.30	24.44	25.42
38.61	31.28	26.39	25.90
39.59	30.30	26.88	25.42
37.63	31.28	26.39	24.93
38.61	30.30	26.39	25.42
38.61	31.28	26.39	25.42
38.61	31.28	26.39	23.95
38.61	30.79	26.39	25.42
38.61	31.28	26.39	25.42
38.12	31.28	25.90	24.44
38.12	31.28	26.39	24.44
38.12	30.30	24.93	24.93
38.61	32.26	26.88	24.93
38.61	33.72	28.35	23.95
38.61	31.77	27.37	25.42
37.63	30.79	25.42	25.42
36.66	30.79	26.39	25.90
38.61	30.79	24.93	25.90
38.61	30.79	25.90	25.90
38.12	30.79	25.42	25.42
38.12	30.79	24.44	26.39
38.12	31.28	28.35	21.02
38.12	30.79	26.39	24.93
38.12	30.79	26.88	25.90
38.12	30.30	26.88	25.42
37.15	30.79	25.90	24.93
39.10	30.79	26.39	24.93
38.12	30.30	25.90	25.42
37.63	30.79	26.39	25.42
38.12	30.30	25.42	25.42
37.63	30.79	26.39	25.42
38.12	30.79	25.90	24.44
37.63	30.79	26.39	24.44
37.63	30.79	25.90	26.39
37.63	30.30	26.39	24.93
37.63	30.79	26.39	20.53
37.15	30.79	25.90	27.86
37.63	29.81	26.39	25.42
37.63	30.30	26.39	25.42
37.63	27.86	26.39	24.93
37.15	26.39	25.90	25.42
37.63	30.79	25.90	24.93
37.63	30.30	25.90	24.44
37.63	30.79	25.90	25.42
37.63	30.30	26.39	25.42
38.12	30.30	25.42	25.42
37.15	30.30	24.44	25.42
37.15	30.30	25.42	24.93
37.63	30.30	27.86	24.93
37.15	30.79	25.90	24.93
37.15	30.30	25.90	24.44
35.68	32.75	25.90	24.93
37.63	30.30	25.90	25.42
37.15	29.33	25.90	24.93
37.15	30.79	25.90	24.93
37.15	29.33	25.90	24.93
37.15	30.30	25.90	24.93
37.15	29.81	25.90	24.93
37.15	30.30	25.90	24.93
37.15	30.79	25.90	24.93
36.66	30.30	25.90	24.93
37.15	30.79	25.90	24.93
